{
  "cells": [
    {
      "cell_type": "markdown",
      "metadata": {
        "id": "NfdSv3ve5rd4"
      },
      "source": [
        "## Financial Data Statistics"
      ]
    },
    {
      "cell_type": "code",
      "execution_count": 1,
      "metadata": {
        "id": "VqVsavtYJg4a"
      },
      "outputs": [],
      "source": [
        "import pandas as pd\n",
        "import numpy as np\n",
        "import matplotlib.pyplot as plt"
      ]
    },
    {
      "cell_type": "markdown",
      "metadata": {
        "id": "WAssDv8lkabG"
      },
      "source": [
        "## Covariance and Correlation"
      ]
    },
    {
      "cell_type": "code",
      "execution_count": 2,
      "metadata": {
        "id": "RfAygCt_lCZg"
      },
      "outputs": [],
      "source": [
        "logreturns = pd.read_csv('IBRX-returns.csv')"
      ]
    },
    {
      "cell_type": "code",
      "execution_count": 9,
      "metadata": {},
      "outputs": [],
      "source": [
        "tickers = ['VALE3.SA', 'PETR4.SA', 'PETR3.SA', 'ITUB4.SA', 'BBDC4.SA', 'B3SA3.SA',\n",
        "          'ABEV3.SA', 'JBSS3.SA', 'WEGE3.SA', 'SUZB3.SA', 'ITSA4.SA', 'BBAS3.SA', 'BOVA11.SA', 'BRAX11.SA']"
      ]
    },
    {
      "cell_type": "code",
      "execution_count": 10,
      "metadata": {
        "colab": {
          "base_uri": "https://localhost:8080/",
          "height": 204
        },
        "id": "2opudEvfmlCw",
        "outputId": "9fb9864d-965b-4684-ec86-758bc6ef9a17"
      },
      "outputs": [
        {
          "data": {
            "text/html": [
              "<div>\n",
              "<style scoped>\n",
              "    .dataframe tbody tr th:only-of-type {\n",
              "        vertical-align: middle;\n",
              "    }\n",
              "\n",
              "    .dataframe tbody tr th {\n",
              "        vertical-align: top;\n",
              "    }\n",
              "\n",
              "    .dataframe thead th {\n",
              "        text-align: right;\n",
              "    }\n",
              "</style>\n",
              "<table border=\"1\" class=\"dataframe\">\n",
              "  <thead>\n",
              "    <tr style=\"text-align: right;\">\n",
              "      <th></th>\n",
              "      <th>Date</th>\n",
              "      <th>VALE3.SA</th>\n",
              "      <th>PETR4.SA</th>\n",
              "      <th>PETR3.SA</th>\n",
              "      <th>ITUB4.SA</th>\n",
              "      <th>BBDC4.SA</th>\n",
              "      <th>B3SA3.SA</th>\n",
              "      <th>ABEV3.SA</th>\n",
              "      <th>JBSS3.SA</th>\n",
              "      <th>WEGE3.SA</th>\n",
              "      <th>SUZB3.SA</th>\n",
              "      <th>ITSA4.SA</th>\n",
              "      <th>BBAS3.SA</th>\n",
              "      <th>BRAX11.SA</th>\n",
              "      <th>BOVA11.SA</th>\n",
              "    </tr>\n",
              "  </thead>\n",
              "  <tbody>\n",
              "    <tr>\n",
              "      <th>0</th>\n",
              "      <td>2012-01-02</td>\n",
              "      <td>NaN</td>\n",
              "      <td>NaN</td>\n",
              "      <td>NaN</td>\n",
              "      <td>NaN</td>\n",
              "      <td>NaN</td>\n",
              "      <td>NaN</td>\n",
              "      <td>NaN</td>\n",
              "      <td>NaN</td>\n",
              "      <td>NaN</td>\n",
              "      <td>NaN</td>\n",
              "      <td>NaN</td>\n",
              "      <td>NaN</td>\n",
              "      <td>NaN</td>\n",
              "      <td>NaN</td>\n",
              "    </tr>\n",
              "    <tr>\n",
              "      <th>1</th>\n",
              "      <td>2012-01-03</td>\n",
              "      <td>0.043537</td>\n",
              "      <td>0.030814</td>\n",
              "      <td>0.034304</td>\n",
              "      <td>0.024671</td>\n",
              "      <td>0.020945</td>\n",
              "      <td>0.017285</td>\n",
              "      <td>-0.011462</td>\n",
              "      <td>0.029801</td>\n",
              "      <td>0.023306</td>\n",
              "      <td>0.0</td>\n",
              "      <td>0.029193</td>\n",
              "      <td>-0.004539</td>\n",
              "      <td>0.021995</td>\n",
              "      <td>0.023738</td>\n",
              "    </tr>\n",
              "    <tr>\n",
              "      <th>2</th>\n",
              "      <td>2012-01-04</td>\n",
              "      <td>0.006765</td>\n",
              "      <td>0.007114</td>\n",
              "      <td>0.006225</td>\n",
              "      <td>0.001146</td>\n",
              "      <td>0.001593</td>\n",
              "      <td>0.017983</td>\n",
              "      <td>-0.023517</td>\n",
              "      <td>0.018820</td>\n",
              "      <td>0.005222</td>\n",
              "      <td>0.0</td>\n",
              "      <td>0.001742</td>\n",
              "      <td>-0.004975</td>\n",
              "      <td>0.000000</td>\n",
              "      <td>0.000000</td>\n",
              "    </tr>\n",
              "    <tr>\n",
              "      <th>3</th>\n",
              "      <td>2012-01-05</td>\n",
              "      <td>-0.027102</td>\n",
              "      <td>-0.011587</td>\n",
              "      <td>-0.006225</td>\n",
              "      <td>-0.007473</td>\n",
              "      <td>-0.006388</td>\n",
              "      <td>-0.010951</td>\n",
              "      <td>-0.019997</td>\n",
              "      <td>0.016807</td>\n",
              "      <td>0.006231</td>\n",
              "      <td>0.0</td>\n",
              "      <td>-0.004361</td>\n",
              "      <td>-0.010445</td>\n",
              "      <td>-0.009189</td>\n",
              "      <td>-0.013620</td>\n",
              "    </tr>\n",
              "    <tr>\n",
              "      <th>4</th>\n",
              "      <td>2012-01-06</td>\n",
              "      <td>-0.008637</td>\n",
              "      <td>0.000896</td>\n",
              "      <td>-0.000833</td>\n",
              "      <td>0.007473</td>\n",
              "      <td>0.012419</td>\n",
              "      <td>0.014903</td>\n",
              "      <td>-0.002528</td>\n",
              "      <td>0.011599</td>\n",
              "      <td>-0.011453</td>\n",
              "      <td>0.0</td>\n",
              "      <td>0.005231</td>\n",
              "      <td>-0.025522</td>\n",
              "      <td>-0.000250</td>\n",
              "      <td>0.002427</td>\n",
              "    </tr>\n",
              "  </tbody>\n",
              "</table>\n",
              "</div>"
            ],
            "text/plain": [
              "         Date  VALE3.SA  PETR4.SA  PETR3.SA  ITUB4.SA  BBDC4.SA  B3SA3.SA  \\\n",
              "0  2012-01-02       NaN       NaN       NaN       NaN       NaN       NaN   \n",
              "1  2012-01-03  0.043537  0.030814  0.034304  0.024671  0.020945  0.017285   \n",
              "2  2012-01-04  0.006765  0.007114  0.006225  0.001146  0.001593  0.017983   \n",
              "3  2012-01-05 -0.027102 -0.011587 -0.006225 -0.007473 -0.006388 -0.010951   \n",
              "4  2012-01-06 -0.008637  0.000896 -0.000833  0.007473  0.012419  0.014903   \n",
              "\n",
              "   ABEV3.SA  JBSS3.SA  WEGE3.SA  SUZB3.SA  ITSA4.SA  BBAS3.SA  BRAX11.SA  \\\n",
              "0       NaN       NaN       NaN       NaN       NaN       NaN        NaN   \n",
              "1 -0.011462  0.029801  0.023306       0.0  0.029193 -0.004539   0.021995   \n",
              "2 -0.023517  0.018820  0.005222       0.0  0.001742 -0.004975   0.000000   \n",
              "3 -0.019997  0.016807  0.006231       0.0 -0.004361 -0.010445  -0.009189   \n",
              "4 -0.002528  0.011599 -0.011453       0.0  0.005231 -0.025522  -0.000250   \n",
              "\n",
              "   BOVA11.SA  \n",
              "0        NaN  \n",
              "1   0.023738  \n",
              "2   0.000000  \n",
              "3  -0.013620  \n",
              "4   0.002427  "
            ]
          },
          "execution_count": 10,
          "metadata": {},
          "output_type": "execute_result"
        }
      ],
      "source": [
        "logreturns.head()"
      ]
    },
    {
      "cell_type": "code",
      "execution_count": 12,
      "metadata": {
        "colab": {
          "base_uri": "https://localhost:8080/",
          "height": 119
        },
        "id": "whAob3kCopaa",
        "outputId": "efd4d86c-9f6c-4627-d9ad-f14d4d5ffafa"
      },
      "outputs": [
        {
          "name": "stderr",
          "output_type": "stream",
          "text": [
            "/var/folders/mm/h663s0sn0z382kdnjhlt3w8h0000gn/T/ipykernel_6212/1206618265.py:1: FutureWarning: Dropping of nuisance columns in DataFrame reductions (with 'numeric_only=None') is deprecated; in a future version this will raise TypeError.  Select only valid columns before calling the reduction.\n",
            "  logreturns.std()\n"
          ]
        },
        {
          "data": {
            "text/plain": [
              "VALE3.SA     0.027658\n",
              "PETR4.SA     0.031363\n",
              "PETR3.SA     0.031456\n",
              "ITUB4.SA     0.020710\n",
              "BBDC4.SA     0.022165\n",
              "B3SA3.SA     0.023402\n",
              "ABEV3.SA     0.016960\n",
              "JBSS3.SA     0.030600\n",
              "WEGE3.SA     0.020188\n",
              "SUZB3.SA     0.018090\n",
              "ITSA4.SA     0.019500\n",
              "BBAS3.SA     0.027318\n",
              "BRAX11.SA    0.015482\n",
              "BOVA11.SA    0.016098\n",
              "dtype: float64"
            ]
          },
          "execution_count": 12,
          "metadata": {},
          "output_type": "execute_result"
        }
      ],
      "source": [
        "logreturns.std()"
      ]
    },
    {
      "cell_type": "code",
      "execution_count": 14,
      "metadata": {
        "colab": {
          "base_uri": "https://localhost:8080/",
          "height": 204
        },
        "id": "0_YvIRGapYK4",
        "outputId": "7b402099-debf-4566-d7bd-83223866b9d4"
      },
      "outputs": [
        {
          "data": {
            "text/html": [
              "<div>\n",
              "<style scoped>\n",
              "    .dataframe tbody tr th:only-of-type {\n",
              "        vertical-align: middle;\n",
              "    }\n",
              "\n",
              "    .dataframe tbody tr th {\n",
              "        vertical-align: top;\n",
              "    }\n",
              "\n",
              "    .dataframe thead th {\n",
              "        text-align: right;\n",
              "    }\n",
              "</style>\n",
              "<table border=\"1\" class=\"dataframe\">\n",
              "  <thead>\n",
              "    <tr style=\"text-align: right;\">\n",
              "      <th></th>\n",
              "      <th>VALE3.SA</th>\n",
              "      <th>PETR4.SA</th>\n",
              "      <th>PETR3.SA</th>\n",
              "      <th>ITUB4.SA</th>\n",
              "      <th>BBDC4.SA</th>\n",
              "      <th>B3SA3.SA</th>\n",
              "      <th>ABEV3.SA</th>\n",
              "      <th>JBSS3.SA</th>\n",
              "      <th>WEGE3.SA</th>\n",
              "      <th>SUZB3.SA</th>\n",
              "      <th>ITSA4.SA</th>\n",
              "      <th>BBAS3.SA</th>\n",
              "      <th>BRAX11.SA</th>\n",
              "      <th>BOVA11.SA</th>\n",
              "    </tr>\n",
              "  </thead>\n",
              "  <tbody>\n",
              "    <tr>\n",
              "      <th>VALE3.SA</th>\n",
              "      <td>1.000000</td>\n",
              "      <td>0.463329</td>\n",
              "      <td>0.493669</td>\n",
              "      <td>0.343675</td>\n",
              "      <td>0.380208</td>\n",
              "      <td>0.331938</td>\n",
              "      <td>0.239291</td>\n",
              "      <td>0.197135</td>\n",
              "      <td>0.208574</td>\n",
              "      <td>0.151428</td>\n",
              "      <td>0.336827</td>\n",
              "      <td>0.349263</td>\n",
              "      <td>0.460187</td>\n",
              "      <td>0.578488</td>\n",
              "    </tr>\n",
              "    <tr>\n",
              "      <th>PETR4.SA</th>\n",
              "      <td>0.463329</td>\n",
              "      <td>1.000000</td>\n",
              "      <td>0.959360</td>\n",
              "      <td>0.577946</td>\n",
              "      <td>0.614140</td>\n",
              "      <td>0.533370</td>\n",
              "      <td>0.357264</td>\n",
              "      <td>0.300056</td>\n",
              "      <td>0.306558</td>\n",
              "      <td>0.102897</td>\n",
              "      <td>0.583373</td>\n",
              "      <td>0.631167</td>\n",
              "      <td>0.607934</td>\n",
              "      <td>0.766378</td>\n",
              "    </tr>\n",
              "    <tr>\n",
              "      <th>PETR3.SA</th>\n",
              "      <td>0.493669</td>\n",
              "      <td>0.959360</td>\n",
              "      <td>1.000000</td>\n",
              "      <td>0.572007</td>\n",
              "      <td>0.611828</td>\n",
              "      <td>0.520292</td>\n",
              "      <td>0.363557</td>\n",
              "      <td>0.299949</td>\n",
              "      <td>0.308906</td>\n",
              "      <td>0.111918</td>\n",
              "      <td>0.571103</td>\n",
              "      <td>0.602206</td>\n",
              "      <td>0.599685</td>\n",
              "      <td>0.761153</td>\n",
              "    </tr>\n",
              "    <tr>\n",
              "      <th>ITUB4.SA</th>\n",
              "      <td>0.343675</td>\n",
              "      <td>0.577946</td>\n",
              "      <td>0.572007</td>\n",
              "      <td>1.000000</td>\n",
              "      <td>0.851668</td>\n",
              "      <td>0.587263</td>\n",
              "      <td>0.450416</td>\n",
              "      <td>0.277806</td>\n",
              "      <td>0.330694</td>\n",
              "      <td>0.030466</td>\n",
              "      <td>0.909851</td>\n",
              "      <td>0.733637</td>\n",
              "      <td>0.644176</td>\n",
              "      <td>0.775939</td>\n",
              "    </tr>\n",
              "    <tr>\n",
              "      <th>BBDC4.SA</th>\n",
              "      <td>0.380208</td>\n",
              "      <td>0.614140</td>\n",
              "      <td>0.611828</td>\n",
              "      <td>0.851668</td>\n",
              "      <td>1.000000</td>\n",
              "      <td>0.610644</td>\n",
              "      <td>0.465748</td>\n",
              "      <td>0.300078</td>\n",
              "      <td>0.342784</td>\n",
              "      <td>0.045514</td>\n",
              "      <td>0.833408</td>\n",
              "      <td>0.768872</td>\n",
              "      <td>0.672255</td>\n",
              "      <td>0.799459</td>\n",
              "    </tr>\n",
              "    <tr>\n",
              "      <th>B3SA3.SA</th>\n",
              "      <td>0.331938</td>\n",
              "      <td>0.533370</td>\n",
              "      <td>0.520292</td>\n",
              "      <td>0.587263</td>\n",
              "      <td>0.610644</td>\n",
              "      <td>1.000000</td>\n",
              "      <td>0.397866</td>\n",
              "      <td>0.317137</td>\n",
              "      <td>0.375480</td>\n",
              "      <td>0.060898</td>\n",
              "      <td>0.610841</td>\n",
              "      <td>0.583382</td>\n",
              "      <td>0.585541</td>\n",
              "      <td>0.722163</td>\n",
              "    </tr>\n",
              "    <tr>\n",
              "      <th>ABEV3.SA</th>\n",
              "      <td>0.239291</td>\n",
              "      <td>0.357264</td>\n",
              "      <td>0.363557</td>\n",
              "      <td>0.450416</td>\n",
              "      <td>0.465748</td>\n",
              "      <td>0.397866</td>\n",
              "      <td>1.000000</td>\n",
              "      <td>0.246108</td>\n",
              "      <td>0.359304</td>\n",
              "      <td>0.111176</td>\n",
              "      <td>0.460687</td>\n",
              "      <td>0.390598</td>\n",
              "      <td>0.464258</td>\n",
              "      <td>0.543363</td>\n",
              "    </tr>\n",
              "    <tr>\n",
              "      <th>JBSS3.SA</th>\n",
              "      <td>0.197135</td>\n",
              "      <td>0.300056</td>\n",
              "      <td>0.299949</td>\n",
              "      <td>0.277806</td>\n",
              "      <td>0.300078</td>\n",
              "      <td>0.317137</td>\n",
              "      <td>0.246108</td>\n",
              "      <td>1.000000</td>\n",
              "      <td>0.214398</td>\n",
              "      <td>0.148024</td>\n",
              "      <td>0.308800</td>\n",
              "      <td>0.310220</td>\n",
              "      <td>0.360770</td>\n",
              "      <td>0.439358</td>\n",
              "    </tr>\n",
              "    <tr>\n",
              "      <th>WEGE3.SA</th>\n",
              "      <td>0.208574</td>\n",
              "      <td>0.306558</td>\n",
              "      <td>0.308906</td>\n",
              "      <td>0.330694</td>\n",
              "      <td>0.342784</td>\n",
              "      <td>0.375480</td>\n",
              "      <td>0.359304</td>\n",
              "      <td>0.214398</td>\n",
              "      <td>1.000000</td>\n",
              "      <td>0.156583</td>\n",
              "      <td>0.351655</td>\n",
              "      <td>0.309641</td>\n",
              "      <td>0.441078</td>\n",
              "      <td>0.471732</td>\n",
              "    </tr>\n",
              "    <tr>\n",
              "      <th>SUZB3.SA</th>\n",
              "      <td>0.151428</td>\n",
              "      <td>0.102897</td>\n",
              "      <td>0.111918</td>\n",
              "      <td>0.030466</td>\n",
              "      <td>0.045514</td>\n",
              "      <td>0.060898</td>\n",
              "      <td>0.111176</td>\n",
              "      <td>0.148024</td>\n",
              "      <td>0.156583</td>\n",
              "      <td>1.000000</td>\n",
              "      <td>0.034449</td>\n",
              "      <td>0.014714</td>\n",
              "      <td>0.155994</td>\n",
              "      <td>0.146600</td>\n",
              "    </tr>\n",
              "    <tr>\n",
              "      <th>ITSA4.SA</th>\n",
              "      <td>0.336827</td>\n",
              "      <td>0.583373</td>\n",
              "      <td>0.571103</td>\n",
              "      <td>0.909851</td>\n",
              "      <td>0.833408</td>\n",
              "      <td>0.610841</td>\n",
              "      <td>0.460687</td>\n",
              "      <td>0.308800</td>\n",
              "      <td>0.351655</td>\n",
              "      <td>0.034449</td>\n",
              "      <td>1.000000</td>\n",
              "      <td>0.746431</td>\n",
              "      <td>0.652229</td>\n",
              "      <td>0.787334</td>\n",
              "    </tr>\n",
              "    <tr>\n",
              "      <th>BBAS3.SA</th>\n",
              "      <td>0.349263</td>\n",
              "      <td>0.631167</td>\n",
              "      <td>0.602206</td>\n",
              "      <td>0.733637</td>\n",
              "      <td>0.768872</td>\n",
              "      <td>0.583382</td>\n",
              "      <td>0.390598</td>\n",
              "      <td>0.310220</td>\n",
              "      <td>0.309641</td>\n",
              "      <td>0.014714</td>\n",
              "      <td>0.746431</td>\n",
              "      <td>1.000000</td>\n",
              "      <td>0.643685</td>\n",
              "      <td>0.759724</td>\n",
              "    </tr>\n",
              "    <tr>\n",
              "      <th>BRAX11.SA</th>\n",
              "      <td>0.460187</td>\n",
              "      <td>0.607934</td>\n",
              "      <td>0.599685</td>\n",
              "      <td>0.644176</td>\n",
              "      <td>0.672255</td>\n",
              "      <td>0.585541</td>\n",
              "      <td>0.464258</td>\n",
              "      <td>0.360770</td>\n",
              "      <td>0.441078</td>\n",
              "      <td>0.155994</td>\n",
              "      <td>0.652229</td>\n",
              "      <td>0.643685</td>\n",
              "      <td>1.000000</td>\n",
              "      <td>0.801642</td>\n",
              "    </tr>\n",
              "    <tr>\n",
              "      <th>BOVA11.SA</th>\n",
              "      <td>0.578488</td>\n",
              "      <td>0.766378</td>\n",
              "      <td>0.761153</td>\n",
              "      <td>0.775939</td>\n",
              "      <td>0.799459</td>\n",
              "      <td>0.722163</td>\n",
              "      <td>0.543363</td>\n",
              "      <td>0.439358</td>\n",
              "      <td>0.471732</td>\n",
              "      <td>0.146600</td>\n",
              "      <td>0.787334</td>\n",
              "      <td>0.759724</td>\n",
              "      <td>0.801642</td>\n",
              "      <td>1.000000</td>\n",
              "    </tr>\n",
              "  </tbody>\n",
              "</table>\n",
              "</div>"
            ],
            "text/plain": [
              "           VALE3.SA  PETR4.SA  PETR3.SA  ITUB4.SA  BBDC4.SA  B3SA3.SA  \\\n",
              "VALE3.SA   1.000000  0.463329  0.493669  0.343675  0.380208  0.331938   \n",
              "PETR4.SA   0.463329  1.000000  0.959360  0.577946  0.614140  0.533370   \n",
              "PETR3.SA   0.493669  0.959360  1.000000  0.572007  0.611828  0.520292   \n",
              "ITUB4.SA   0.343675  0.577946  0.572007  1.000000  0.851668  0.587263   \n",
              "BBDC4.SA   0.380208  0.614140  0.611828  0.851668  1.000000  0.610644   \n",
              "B3SA3.SA   0.331938  0.533370  0.520292  0.587263  0.610644  1.000000   \n",
              "ABEV3.SA   0.239291  0.357264  0.363557  0.450416  0.465748  0.397866   \n",
              "JBSS3.SA   0.197135  0.300056  0.299949  0.277806  0.300078  0.317137   \n",
              "WEGE3.SA   0.208574  0.306558  0.308906  0.330694  0.342784  0.375480   \n",
              "SUZB3.SA   0.151428  0.102897  0.111918  0.030466  0.045514  0.060898   \n",
              "ITSA4.SA   0.336827  0.583373  0.571103  0.909851  0.833408  0.610841   \n",
              "BBAS3.SA   0.349263  0.631167  0.602206  0.733637  0.768872  0.583382   \n",
              "BRAX11.SA  0.460187  0.607934  0.599685  0.644176  0.672255  0.585541   \n",
              "BOVA11.SA  0.578488  0.766378  0.761153  0.775939  0.799459  0.722163   \n",
              "\n",
              "           ABEV3.SA  JBSS3.SA  WEGE3.SA  SUZB3.SA  ITSA4.SA  BBAS3.SA  \\\n",
              "VALE3.SA   0.239291  0.197135  0.208574  0.151428  0.336827  0.349263   \n",
              "PETR4.SA   0.357264  0.300056  0.306558  0.102897  0.583373  0.631167   \n",
              "PETR3.SA   0.363557  0.299949  0.308906  0.111918  0.571103  0.602206   \n",
              "ITUB4.SA   0.450416  0.277806  0.330694  0.030466  0.909851  0.733637   \n",
              "BBDC4.SA   0.465748  0.300078  0.342784  0.045514  0.833408  0.768872   \n",
              "B3SA3.SA   0.397866  0.317137  0.375480  0.060898  0.610841  0.583382   \n",
              "ABEV3.SA   1.000000  0.246108  0.359304  0.111176  0.460687  0.390598   \n",
              "JBSS3.SA   0.246108  1.000000  0.214398  0.148024  0.308800  0.310220   \n",
              "WEGE3.SA   0.359304  0.214398  1.000000  0.156583  0.351655  0.309641   \n",
              "SUZB3.SA   0.111176  0.148024  0.156583  1.000000  0.034449  0.014714   \n",
              "ITSA4.SA   0.460687  0.308800  0.351655  0.034449  1.000000  0.746431   \n",
              "BBAS3.SA   0.390598  0.310220  0.309641  0.014714  0.746431  1.000000   \n",
              "BRAX11.SA  0.464258  0.360770  0.441078  0.155994  0.652229  0.643685   \n",
              "BOVA11.SA  0.543363  0.439358  0.471732  0.146600  0.787334  0.759724   \n",
              "\n",
              "           BRAX11.SA  BOVA11.SA  \n",
              "VALE3.SA    0.460187   0.578488  \n",
              "PETR4.SA    0.607934   0.766378  \n",
              "PETR3.SA    0.599685   0.761153  \n",
              "ITUB4.SA    0.644176   0.775939  \n",
              "BBDC4.SA    0.672255   0.799459  \n",
              "B3SA3.SA    0.585541   0.722163  \n",
              "ABEV3.SA    0.464258   0.543363  \n",
              "JBSS3.SA    0.360770   0.439358  \n",
              "WEGE3.SA    0.441078   0.471732  \n",
              "SUZB3.SA    0.155994   0.146600  \n",
              "ITSA4.SA    0.652229   0.787334  \n",
              "BBAS3.SA    0.643685   0.759724  \n",
              "BRAX11.SA   1.000000   0.801642  \n",
              "BOVA11.SA   0.801642   1.000000  "
            ]
          },
          "execution_count": 14,
          "metadata": {},
          "output_type": "execute_result"
        }
      ],
      "source": [
        "logreturns.corr()"
      ]
    },
    {
      "cell_type": "code",
      "execution_count": 15,
      "metadata": {
        "colab": {
          "base_uri": "https://localhost:8080/",
          "height": 204
        },
        "id": "mk5zxZcopffF",
        "outputId": "16941002-bb8a-4d46-97f6-1cd835144299"
      },
      "outputs": [
        {
          "data": {
            "text/html": [
              "<div>\n",
              "<style scoped>\n",
              "    .dataframe tbody tr th:only-of-type {\n",
              "        vertical-align: middle;\n",
              "    }\n",
              "\n",
              "    .dataframe tbody tr th {\n",
              "        vertical-align: top;\n",
              "    }\n",
              "\n",
              "    .dataframe thead th {\n",
              "        text-align: right;\n",
              "    }\n",
              "</style>\n",
              "<table border=\"1\" class=\"dataframe\">\n",
              "  <thead>\n",
              "    <tr style=\"text-align: right;\">\n",
              "      <th></th>\n",
              "      <th>VALE3.SA</th>\n",
              "      <th>PETR4.SA</th>\n",
              "      <th>PETR3.SA</th>\n",
              "      <th>ITUB4.SA</th>\n",
              "      <th>BBDC4.SA</th>\n",
              "      <th>B3SA3.SA</th>\n",
              "      <th>ABEV3.SA</th>\n",
              "      <th>JBSS3.SA</th>\n",
              "      <th>WEGE3.SA</th>\n",
              "      <th>SUZB3.SA</th>\n",
              "      <th>ITSA4.SA</th>\n",
              "      <th>BBAS3.SA</th>\n",
              "      <th>BRAX11.SA</th>\n",
              "      <th>BOVA11.SA</th>\n",
              "    </tr>\n",
              "  </thead>\n",
              "  <tbody>\n",
              "    <tr>\n",
              "      <th>VALE3.SA</th>\n",
              "      <td>0.000765</td>\n",
              "      <td>0.000402</td>\n",
              "      <td>0.000429</td>\n",
              "      <td>0.000197</td>\n",
              "      <td>0.000233</td>\n",
              "      <td>0.000215</td>\n",
              "      <td>0.000112</td>\n",
              "      <td>0.000167</td>\n",
              "      <td>0.000116</td>\n",
              "      <td>0.000076</td>\n",
              "      <td>0.000182</td>\n",
              "      <td>0.000264</td>\n",
              "      <td>0.000197</td>\n",
              "      <td>0.000258</td>\n",
              "    </tr>\n",
              "    <tr>\n",
              "      <th>PETR4.SA</th>\n",
              "      <td>0.000402</td>\n",
              "      <td>0.000984</td>\n",
              "      <td>0.000946</td>\n",
              "      <td>0.000375</td>\n",
              "      <td>0.000427</td>\n",
              "      <td>0.000391</td>\n",
              "      <td>0.000190</td>\n",
              "      <td>0.000288</td>\n",
              "      <td>0.000194</td>\n",
              "      <td>0.000058</td>\n",
              "      <td>0.000357</td>\n",
              "      <td>0.000541</td>\n",
              "      <td>0.000295</td>\n",
              "      <td>0.000387</td>\n",
              "    </tr>\n",
              "    <tr>\n",
              "      <th>PETR3.SA</th>\n",
              "      <td>0.000429</td>\n",
              "      <td>0.000946</td>\n",
              "      <td>0.000989</td>\n",
              "      <td>0.000373</td>\n",
              "      <td>0.000427</td>\n",
              "      <td>0.000383</td>\n",
              "      <td>0.000194</td>\n",
              "      <td>0.000289</td>\n",
              "      <td>0.000196</td>\n",
              "      <td>0.000064</td>\n",
              "      <td>0.000350</td>\n",
              "      <td>0.000517</td>\n",
              "      <td>0.000292</td>\n",
              "      <td>0.000385</td>\n",
              "    </tr>\n",
              "    <tr>\n",
              "      <th>ITUB4.SA</th>\n",
              "      <td>0.000197</td>\n",
              "      <td>0.000375</td>\n",
              "      <td>0.000373</td>\n",
              "      <td>0.000429</td>\n",
              "      <td>0.000391</td>\n",
              "      <td>0.000285</td>\n",
              "      <td>0.000158</td>\n",
              "      <td>0.000176</td>\n",
              "      <td>0.000138</td>\n",
              "      <td>0.000011</td>\n",
              "      <td>0.000367</td>\n",
              "      <td>0.000415</td>\n",
              "      <td>0.000207</td>\n",
              "      <td>0.000259</td>\n",
              "    </tr>\n",
              "    <tr>\n",
              "      <th>BBDC4.SA</th>\n",
              "      <td>0.000233</td>\n",
              "      <td>0.000427</td>\n",
              "      <td>0.000427</td>\n",
              "      <td>0.000391</td>\n",
              "      <td>0.000491</td>\n",
              "      <td>0.000317</td>\n",
              "      <td>0.000175</td>\n",
              "      <td>0.000204</td>\n",
              "      <td>0.000153</td>\n",
              "      <td>0.000018</td>\n",
              "      <td>0.000360</td>\n",
              "      <td>0.000466</td>\n",
              "      <td>0.000231</td>\n",
              "      <td>0.000285</td>\n",
              "    </tr>\n",
              "    <tr>\n",
              "      <th>B3SA3.SA</th>\n",
              "      <td>0.000215</td>\n",
              "      <td>0.000391</td>\n",
              "      <td>0.000383</td>\n",
              "      <td>0.000285</td>\n",
              "      <td>0.000317</td>\n",
              "      <td>0.000548</td>\n",
              "      <td>0.000158</td>\n",
              "      <td>0.000227</td>\n",
              "      <td>0.000177</td>\n",
              "      <td>0.000026</td>\n",
              "      <td>0.000279</td>\n",
              "      <td>0.000373</td>\n",
              "      <td>0.000212</td>\n",
              "      <td>0.000272</td>\n",
              "    </tr>\n",
              "    <tr>\n",
              "      <th>ABEV3.SA</th>\n",
              "      <td>0.000112</td>\n",
              "      <td>0.000190</td>\n",
              "      <td>0.000194</td>\n",
              "      <td>0.000158</td>\n",
              "      <td>0.000175</td>\n",
              "      <td>0.000158</td>\n",
              "      <td>0.000288</td>\n",
              "      <td>0.000128</td>\n",
              "      <td>0.000123</td>\n",
              "      <td>0.000034</td>\n",
              "      <td>0.000152</td>\n",
              "      <td>0.000181</td>\n",
              "      <td>0.000122</td>\n",
              "      <td>0.000148</td>\n",
              "    </tr>\n",
              "    <tr>\n",
              "      <th>JBSS3.SA</th>\n",
              "      <td>0.000167</td>\n",
              "      <td>0.000288</td>\n",
              "      <td>0.000289</td>\n",
              "      <td>0.000176</td>\n",
              "      <td>0.000204</td>\n",
              "      <td>0.000227</td>\n",
              "      <td>0.000128</td>\n",
              "      <td>0.000936</td>\n",
              "      <td>0.000132</td>\n",
              "      <td>0.000082</td>\n",
              "      <td>0.000184</td>\n",
              "      <td>0.000259</td>\n",
              "      <td>0.000171</td>\n",
              "      <td>0.000216</td>\n",
              "    </tr>\n",
              "    <tr>\n",
              "      <th>WEGE3.SA</th>\n",
              "      <td>0.000116</td>\n",
              "      <td>0.000194</td>\n",
              "      <td>0.000196</td>\n",
              "      <td>0.000138</td>\n",
              "      <td>0.000153</td>\n",
              "      <td>0.000177</td>\n",
              "      <td>0.000123</td>\n",
              "      <td>0.000132</td>\n",
              "      <td>0.000408</td>\n",
              "      <td>0.000057</td>\n",
              "      <td>0.000138</td>\n",
              "      <td>0.000171</td>\n",
              "      <td>0.000138</td>\n",
              "      <td>0.000153</td>\n",
              "    </tr>\n",
              "    <tr>\n",
              "      <th>SUZB3.SA</th>\n",
              "      <td>0.000076</td>\n",
              "      <td>0.000058</td>\n",
              "      <td>0.000064</td>\n",
              "      <td>0.000011</td>\n",
              "      <td>0.000018</td>\n",
              "      <td>0.000026</td>\n",
              "      <td>0.000034</td>\n",
              "      <td>0.000082</td>\n",
              "      <td>0.000057</td>\n",
              "      <td>0.000327</td>\n",
              "      <td>0.000012</td>\n",
              "      <td>0.000007</td>\n",
              "      <td>0.000044</td>\n",
              "      <td>0.000043</td>\n",
              "    </tr>\n",
              "    <tr>\n",
              "      <th>ITSA4.SA</th>\n",
              "      <td>0.000182</td>\n",
              "      <td>0.000357</td>\n",
              "      <td>0.000350</td>\n",
              "      <td>0.000367</td>\n",
              "      <td>0.000360</td>\n",
              "      <td>0.000279</td>\n",
              "      <td>0.000152</td>\n",
              "      <td>0.000184</td>\n",
              "      <td>0.000138</td>\n",
              "      <td>0.000012</td>\n",
              "      <td>0.000380</td>\n",
              "      <td>0.000398</td>\n",
              "      <td>0.000197</td>\n",
              "      <td>0.000247</td>\n",
              "    </tr>\n",
              "    <tr>\n",
              "      <th>BBAS3.SA</th>\n",
              "      <td>0.000264</td>\n",
              "      <td>0.000541</td>\n",
              "      <td>0.000517</td>\n",
              "      <td>0.000415</td>\n",
              "      <td>0.000466</td>\n",
              "      <td>0.000373</td>\n",
              "      <td>0.000181</td>\n",
              "      <td>0.000259</td>\n",
              "      <td>0.000171</td>\n",
              "      <td>0.000007</td>\n",
              "      <td>0.000398</td>\n",
              "      <td>0.000746</td>\n",
              "      <td>0.000272</td>\n",
              "      <td>0.000334</td>\n",
              "    </tr>\n",
              "    <tr>\n",
              "      <th>BRAX11.SA</th>\n",
              "      <td>0.000197</td>\n",
              "      <td>0.000295</td>\n",
              "      <td>0.000292</td>\n",
              "      <td>0.000207</td>\n",
              "      <td>0.000231</td>\n",
              "      <td>0.000212</td>\n",
              "      <td>0.000122</td>\n",
              "      <td>0.000171</td>\n",
              "      <td>0.000138</td>\n",
              "      <td>0.000044</td>\n",
              "      <td>0.000197</td>\n",
              "      <td>0.000272</td>\n",
              "      <td>0.000240</td>\n",
              "      <td>0.000200</td>\n",
              "    </tr>\n",
              "    <tr>\n",
              "      <th>BOVA11.SA</th>\n",
              "      <td>0.000258</td>\n",
              "      <td>0.000387</td>\n",
              "      <td>0.000385</td>\n",
              "      <td>0.000259</td>\n",
              "      <td>0.000285</td>\n",
              "      <td>0.000272</td>\n",
              "      <td>0.000148</td>\n",
              "      <td>0.000216</td>\n",
              "      <td>0.000153</td>\n",
              "      <td>0.000043</td>\n",
              "      <td>0.000247</td>\n",
              "      <td>0.000334</td>\n",
              "      <td>0.000200</td>\n",
              "      <td>0.000259</td>\n",
              "    </tr>\n",
              "  </tbody>\n",
              "</table>\n",
              "</div>"
            ],
            "text/plain": [
              "           VALE3.SA  PETR4.SA  PETR3.SA  ITUB4.SA  BBDC4.SA  B3SA3.SA  \\\n",
              "VALE3.SA   0.000765  0.000402  0.000429  0.000197  0.000233  0.000215   \n",
              "PETR4.SA   0.000402  0.000984  0.000946  0.000375  0.000427  0.000391   \n",
              "PETR3.SA   0.000429  0.000946  0.000989  0.000373  0.000427  0.000383   \n",
              "ITUB4.SA   0.000197  0.000375  0.000373  0.000429  0.000391  0.000285   \n",
              "BBDC4.SA   0.000233  0.000427  0.000427  0.000391  0.000491  0.000317   \n",
              "B3SA3.SA   0.000215  0.000391  0.000383  0.000285  0.000317  0.000548   \n",
              "ABEV3.SA   0.000112  0.000190  0.000194  0.000158  0.000175  0.000158   \n",
              "JBSS3.SA   0.000167  0.000288  0.000289  0.000176  0.000204  0.000227   \n",
              "WEGE3.SA   0.000116  0.000194  0.000196  0.000138  0.000153  0.000177   \n",
              "SUZB3.SA   0.000076  0.000058  0.000064  0.000011  0.000018  0.000026   \n",
              "ITSA4.SA   0.000182  0.000357  0.000350  0.000367  0.000360  0.000279   \n",
              "BBAS3.SA   0.000264  0.000541  0.000517  0.000415  0.000466  0.000373   \n",
              "BRAX11.SA  0.000197  0.000295  0.000292  0.000207  0.000231  0.000212   \n",
              "BOVA11.SA  0.000258  0.000387  0.000385  0.000259  0.000285  0.000272   \n",
              "\n",
              "           ABEV3.SA  JBSS3.SA  WEGE3.SA  SUZB3.SA  ITSA4.SA  BBAS3.SA  \\\n",
              "VALE3.SA   0.000112  0.000167  0.000116  0.000076  0.000182  0.000264   \n",
              "PETR4.SA   0.000190  0.000288  0.000194  0.000058  0.000357  0.000541   \n",
              "PETR3.SA   0.000194  0.000289  0.000196  0.000064  0.000350  0.000517   \n",
              "ITUB4.SA   0.000158  0.000176  0.000138  0.000011  0.000367  0.000415   \n",
              "BBDC4.SA   0.000175  0.000204  0.000153  0.000018  0.000360  0.000466   \n",
              "B3SA3.SA   0.000158  0.000227  0.000177  0.000026  0.000279  0.000373   \n",
              "ABEV3.SA   0.000288  0.000128  0.000123  0.000034  0.000152  0.000181   \n",
              "JBSS3.SA   0.000128  0.000936  0.000132  0.000082  0.000184  0.000259   \n",
              "WEGE3.SA   0.000123  0.000132  0.000408  0.000057  0.000138  0.000171   \n",
              "SUZB3.SA   0.000034  0.000082  0.000057  0.000327  0.000012  0.000007   \n",
              "ITSA4.SA   0.000152  0.000184  0.000138  0.000012  0.000380  0.000398   \n",
              "BBAS3.SA   0.000181  0.000259  0.000171  0.000007  0.000398  0.000746   \n",
              "BRAX11.SA  0.000122  0.000171  0.000138  0.000044  0.000197  0.000272   \n",
              "BOVA11.SA  0.000148  0.000216  0.000153  0.000043  0.000247  0.000334   \n",
              "\n",
              "           BRAX11.SA  BOVA11.SA  \n",
